67544133269 egwsmwjg 167 0
644514752635 rbkapy 671 0
39773655220 sporlpwls 375 0
637139751962 uxufodq 953 0
166034012355 nxkmywh 288 0
934447453342 bqlvymb 191 0
90098779471 gphvilqy 867 0
686810163009 mzfqadqnlt 53 0
893471146397 ladueskobf 935 0
588996916183 iwvgdnuiaf 93 0
733365298905 kkcelaichh 613 0
906936058978 czemkja 748 0
933938455220 dgfpcr 41 0
968451833397 hxbbwznmm 91 0
980769382417 narglqoum 728 0
88673463679 xelmvxta 106 0
85298596832 fogbtxxxeq 336 0
543370522502 srxfbaid 240 0
82667247461 ygtntm 216 0
956644252392 lorlihpjv 502 0
68282796076 wxfutqo 748 0
460613302865 exqugbqalt 248 0
666861798511 dzktcmik 310 0
298292153677 odxqxaqjt 667 0
737723722710 lilsorez 233 0
113343454311 iielpsows 475 0
916440053259 xqxyfivp 532 0
172379524021 jnizzy 515 0
164243176192 tbqyim 804 0
435590263496 zxaqtjwz 94 0
530688649918 ttptswtv 995 0
557259191437 zpldrcnwe 169 0
985873046421 vccmbzi 205 0
669175212308 ybxsome 166 0
332539487337 tpfnnidsq 683 0
609761832482 olrikr 460 0
34453542818 nnyvko 755 0
351836338651 hguhcm 998 0
590989376750 wvxwukfi 104 0
80947365078 jonnrxpdms 321 0
478344636407 iqkpamh 842 0
193837646509 udbbgnxya 640 0
602431954968 iddynjk 864 0
27997635954 qgcvpy 956 0
584973886651 iwqnzda 387 0
33597548731 czuodzbuv 58 0
560525409646 dslrybwwy 288 0
650364258658 rdfetdegwn 641 0
377177151752 jnhbwtemed 557 0
648933661619 fcnoeuni 616 0
275468134320 rcndfpfl 383 0
794071113632 jzqnwqaccp 785 0
229951153019 oqdpydf 811 0
1773674166 kmcmel 305 0
628911336058 xxzgzaj 670 0
355778895950 nbhakjhy 719 0
693599302915 vrftyqvpdt 992 0
368341453162 fknuyxj 524 0
21629202429 riajyavm 239 0
85772608174 qzqdzkec 178 0
666791009098 bahumt 317 0
531247828007 pvykrjhu 804 0
3653636860 hoaaosu 531 0
601861133610 xiemalh 623 0
518110622529 jvkqlojnp 967 0
540577187082 cfremea 30 0
757870016206 sufjebh 260 0
833050257481 wnrsnqwsh 100 0
617391976057 vuwmyqacb 635 0
36762839031 pnftxej 304 0
12528064159 rcvqzqhr 342 0
32801614917 edrgyfp 949 0
750633414459 gjbkor 974 0
739987578764 wzqaoj 56 0
996399182139 nrshzgcs 96 0
693036662215 zorkeghpm 53 0
864880297838 aydbudi 746 0
846933096500 uzqjaqgxj 749 0
46318639540 qfafyviqah 210 0
753142486335 bkykevtb 920 0
994828121 jxiqmuzulw 146 0
9568447587 uegfhofwdw 715 0
126681709239 xnvbsi 706 0
742648833853 uyyfwwafe 144 0
89326818690 fpsdzrbmrk 794 0
11132989286 vzllmj 209 0
424970143412 cametxnx 729 0
667311299643 vybteobbqn 629 0
649691338510 wuuzsitle 43 0
619850354595 ltgqhfvy 275 0
752111738407 rkhnuct 788 0
25044089511 ivqsyktxhq 780 0
56359488331 vlpejogr 949 0
346871155452 gnvxultm 422 0
27633731892 jufrmx 399 0
714183245610 pdaqdrfo 598 0
259243269058 nyxcqwb 32 0
198177334508 pvuujob 582 0
15285331272 dtvzdap 45 0
900432213856 avhztbqjj 54 0
740772714024 qptcioqf 960 0
416074602508 kgybwoyaho 350 0
884257991406 mchmqdjq 215 0
106069928987 zqtxadrym 842 0
625619679686 miqqchqtev 565 0
647222208792 jvybylgj 570 0
736998553011 qezyjgvmi 674 0
450692028247 utlpeafbgs 187 0
145823996398 jruynpp 552 0
4238669222 qoxhera 742 0
86757765849 jtehoaxee 843 0
49855636512 afzjex 16 0
5491461735 mgwpxaei 990 0
32633324187 wufmkhfomp 73 0
648196467608 wchamratr 897 0
999986821540 tzyzcnfg 26 0
890699136410 ubpsrpe 779 0
546215924507 ufeaswm 702 0
857545514471 urhdwmxig 506 0
33337867225 rshrodw 41 0
94849361361 sybsrqp 977 0
314012541059 wmfentleyd 930 0
758856943279 dbkije 82 0
21695121832 xpydlhar 619 0
95682795985 qwhklykutw 831 0
23988087729 xzxcrs 876 0
279072397349 zgivtsti 505 0
75421768983 mpzgei 659 0
842678456169 vrfmpsqr 971 0
55693749972 bkcfcsdnf 62 0
90234842997 pijgatbu 394 0
791169201178 pnkpme 733 0
850927017012 mlgchctql 492 0
954184251813 tkoesf 281 0
21963282544 wherbomlh 473 0
252766548757 salfvzed 365 0
187390763606 qzbrfgayxh 203 0
97906231261 lxvqxvjw 434 0
72321499431 eatwaulohz 41 0
365332139052 wiwdbvu 770 0
451711401805 qlwddrt 600 0
5691482213 vgvichdap 464 0
608949448154 oyqgnuuukh 133 0
598610649640 lacwzcbcks 158 0
697397335355 kmzmgkh 192 0
99894458558 zfkttp 479 0
803093399507 rzalreyehz 273 0
768545243153 sqwfhk 706 0
21956922898 gkqlczxsma 800 0
217821236534 krpchsr 508 0
810435138661 gfwqrbwc 345 0
317430647449 cwvsfkmt 987 0
277625828426 laouvql 991 0
708498153794 kcssakn 847 0
268740945231 ecwwpgrrb 538 0
765549088474 tvbzdhw 877 0
75279909606 orlmnf 623 0
108257215472 laglwa 995 0
492798122452 hpazjnts 239 0
7171185968 gjetgm 846 0
503017072933 dactpd 570 0
975528609145 gtdztn 355 0
821433075395 xtmddjkfgy 788 0
175524017462 nswyhie 454 0
865166436320 lnaoujbvn 294 0
766853008954 yqxafbw 166 0
3723641105 saicgo 899 0
314213779170 gsblauxxgo 556 0
87106023723 jtsmvyl 432 0
799714177841 qnxhlwtna 723 0
6347071956 fiafmvvsd 863 0
975457797909 nnwzbpab 310 0
836625935793 lzlvtug 494 0
740296835852 mopphrunyr 237 0
432155376981 wnghuituf 200 0
468044218794 xnmlelsnfk 570 0
773855451532 lvkjtatw 877 0
7079825436 flbujl 644 0
132462413278 nutosaxhr 180 0
59198812514 qlncjn 144 0
701014848181 nprkpb 252 0
808422548861 weeoyoae 380 0
134420971833 fusryqd 799 0
746761151259 bfjtkbx 967 0
617975377672 kpmlrt 348 0
57062979543 ripuyvcuw 354 0
749947429098 kinbiwkmmj 35 0
858041958280 gupfpd 467 0
521323865010 rzjpqifkax 250 0
966423027159 idveir 711 0
818979424376 beqyua 679 0
776816136500 nasyawtaye 561 0
621981678951 dswepxy 867 0
282661575947 dcvsgk 523 0
189382571635 ofueimj 288 0
958172469681 pnokextli 220 0
64263693762 uhiwwwh 295 0
768998302459 mfiyrapl 709 0
106249104274 zbjqqtrpo 282 0
281555235830 qlheozrqcg 497 0
6792990328 pqtoax 337 0
419883311562 lmbtmemnde 634 0
454770602839 fqafauze 532 0
573084717472 nhcojue 661 0
469072242138 ypympa 875 0
391255941457 qlhnvxkb 798 0
788724834449 kqadsav 993 0
36785839836 uxhqafiv 250 0
264597318316 focdpuan 632 0
473486703490 xdssrywn 191 0
598845714042 fqopwi 140 0
108515011362 jdlogbbhgl 951 0
229167839497 pwrtpgprax 285 0
111519961752 glpeeiqhxl 84 0
19473941051 usfaoek 679 0
945561156571 qceohm 807 0
738410574569 evzktyouq 474 0
355991423032 vpajryox 712 0
945824925609 zvfvhmggc 505 0
197085108212 eyljlx 763 0
60933637173 bzlafqcz 704 0
608133805959 kiogxwchp 702 0
654737189251 scympzrfvv 749 0
39807916083 finqns 573 0
767597314799 gslcdra 757 0
892255184478 qebedaxfgx 48 0
5698847986 pnnuvngp 889 0
320947558541 fcjmloo 388 0
3138576796 dmszmv 125 0
210331834314 bbrpzvp 409 0
44028922204 jrqkcseg 51 0
293633327548 xupbelmucf 438 0
751712207487 mwrbct 878 0
736994148702 gpvraqb 992 0
317058459349 ccjjlnnl 780 0
240781349130 gwoioskhi 877 0
561722816624 uthssa 888 0
848183004531 iajqjvc 967 0
320299619443 nxsfjqh 998 0
949578396548 wpkobsfh 48 0
92252774671 slggwu 753 0
33769377450 hqjbqisgde 856 0
1992530837 faugydem 282 0
58361611681 dwzhcb 910 0
276633136086 sionrvsxg 459 0
574373743958 ivuxpe 499 0
772353163206 zrrpigh 680 0
672930834094 ijbcfi 192 0
672475817684 olxkepgth 967 0
208192024588 nyhpufguby 345 0
669656086127 gnphdocmc 412 0
654097486418 udctekwhtx 337 0
523225095737 ekagszyj 70 0
939340532735 ypvnyx 732 0
81332609977 vcguftsp 545 0
561613101738 pojeigdvg 490 0
