67544133269 egwsmwjg 167 103,64
644514752635 rbkapy 671 20,10,23,126,492
39773655220 sporlpwls 375 16,339,20
637139751962 uxufodq 953 145,616,137,6,49
166034012355 nxkmywh 288 93,98,67,30
934447453342 bqlvymb 191 24,150,17
90098779471 gphvilqy 867 29,838
686810163009 mzfqadqnlt 53 29,7,17
893471146397 ladueskobf 935 116,819
588996916183 iwvgdnuiaf 93 68,5,20
733365298905 kkcelaichh 613 3,610
906936058978 czemkja 748 6,742
933938455220 dgfpcr 41 39,2
968451833397 hxbbwznmm 91 34,34,6,17
980769382417 narglqoum 728 50,53,621,4
88673463679 xelmvxta 106 17,22,3,64
85298596832 fogbtxxxeq 336 336
543370522502 srxfbaid 240 18,52,42,124,4
82667247461 ygtntm 216 42,6,42,126
956644252392 lorlihpjv 502 106,3,24,369
68282796076 wxfutqo 748 748
460613302865 exqugbqalt 248 7,125,87,29
666861798511 dzktcmik 310 310
298292153677 odxqxaqjt 667 23,357,6,281
737723722710 lilsorez 233 8,91,134
113343454311 iielpsows 475 25,71,117,64,108,38,52
916440053259 xqxyfivp 532 428,22,4,35,43
172379524021 jnizzy 515 168,229,118
164243176192 tbqyim 804 30,348,42,17,19,1,57,290
435590263496 zxaqtjwz 94 94
530688649918 ttptswtv 995 68,281,134,2,510
557259191437 zpldrcnwe 169 21,102,39,7
985873046421 vccmbzi 205 22,15,98,25,45
669175212308 ybxsome 166 166
332539487337 tpfnnidsq 683 355,11,317
609761832482 olrikr 460 5,77,256,31,91
34453542818 nnyvko 755 755
351836338651 hguhcm 998 177,821
590989376750 wvxwukfi 104 104
80947365078 jonnrxpdms 321 41,280
478344636407 iqkpamh 842 38,664,126,14
193837646509 udbbgnxya 640 640
602431954968 iddynjk 864 370,74,229,191
27997635954 qgcvpy 956 76,58,426,307,89
584973886651 iwqnzda 387 22,24,11,330
33597548731 czuodzbuv 58 30,28
560525409646 dslrybwwy 288 5,283
650364258658 rdfetdegwn 641 30,108,503
377177151752 jnhbwtemed 557 141,249,167
648933661619 fcnoeuni 616 284,332
275468134320 rcndfpfl 383 28,21,35,6,21,272
794071113632 jzqnwqaccp 785 270,515
229951153019 oqdpydf 811 811
1773674166 kmcmel 305 147,158
628911336058 xxzgzaj 670 33,637
355778895950 nbhakjhy 719 13,476,230
693599302915 vrftyqvpdt 992 27,7,58,108,792
368341453162 fknuyxj 524 53,29,154,35,206,47
21629202429 riajyavm 239 111,20,59,32,17
85772608174 qzqdzkec 178 21,151,6
666791009098 bahumt 317 13,126,178
531247828007 pvykrjhu 804 651,95,58
3653636860 hoaaosu 531 479,15,37
601861133610 xiemalh 623 14,25,127,411,18,28
518110622529 jvkqlojnp 967 967
540577187082 cfremea 30 30
757870016206 sufjebh 260 17,6,17,161,59
833050257481 wnrsnqwsh 100 100
617391976057 vuwmyqacb 635 474,128,33
36762839031 pnftxej 304 164,42,15,83
12528064159 rcvqzqhr 342 32,145,92,73
32801614917 edrgyfp 949 6,18,641,170,114
750633414459 gjbkor 974 8,56,910
739987578764 wzqaoj 56 31,8,17
996399182139 nrshzgcs 96 19,36,35,6
693036662215 zorkeghpm 53 13,40
864880297838 aydbudi 746 615,18,107,6
846933096500 uzqjaqgxj 749 12,283,454
46318639540 qfafyviqah 210 210
753142486335 bkykevtb 920 603,317
994828121 jxiqmuzulw 146 146
9568447587 uegfhofwdw 715 25,38,550,102
126681709239 xnvbsi 706 68,17,581,40
742648833853 uyyfwwafe 144 17,1,126
89326818690 fpsdzrbmrk 794 3,47,589,128,27
11132989286 vzllmj 209 56,17,23,46,8,29,30
424970143412 cametxnx 729 43,37,27,105,358,113,46
667311299643 vybteobbqn 629 626,3
649691338510 wuuzsitle 43 11,32
619850354595 ltgqhfvy 275 66,208,1
752111738407 rkhnuct 788 788
25044089511 ivqsyktxhq 780 780
56359488331 vlpejogr 949 13,34,20,865,17
346871155452 gnvxultm 422 19,121,37,245
27633731892 jufrmx 399 302,28,58,11
714183245610 pdaqdrfo 598 22,555,2,19
259243269058 nyxcqwb 32 24,8
198177334508 pvuujob 582 452,29,3,98
15285331272 dtvzdap 45 12,33
900432213856 avhztbqjj 54 41,13
740772714024 qptcioqf 960 253,707
416074602508 kgybwoyaho 350 289,51,10
884257991406 mchmqdjq 215 54,62,56,20,23
106069928987 zqtxadrym 842 25,16,196,605
625619679686 miqqchqtev 565 10,532,23
647222208792 jvybylgj 570 3,18,549
736998553011 qezyjgvmi 674 55,171,101,97,148,85,17
450692028247 utlpeafbgs 187 186,1
145823996398 jruynpp 552 210,342
4238669222 qoxhera 742 223,519
86757765849 jtehoaxee 843 92,159,49,6,537
49855636512 afzjex 16 16
5491461735 mgwpxaei 990 17,52,189,729,3
32633324187 wufmkhfomp 73 18,32,1,22
648196467608 wchamratr 897 28,7,150,159,553
999986821540 tzyzcnfg 26 26
890699136410 ubpsrpe 779 53,186,38,498,4
546215924507 ufeaswm 702 216,72,86,80,154,94
857545514471 urhdwmxig 506 98,34,44,28,6,296
33337867225 rshrodw 41 9,32
94849361361 sybsrqp 977 4,18,18,149,164,624
314012541059 wmfentleyd 930 62,13,235,591,29
758856943279 dbkije 82 28,4,50
21695121832 xpydlhar 619 11,220,282,106
95682795985 qwhklykutw 831 133,172,296,37,193
23988087729 xzxcrs 876 97,779
279072397349 zgivtsti 505 36,295,174
75421768983 mpzgei 659 11,25,20,35,27,209,332
842678456169 vrfmpsqr 971 389,19,519,28,16
55693749972 bkcfcsdnf 62 17,21,24
90234842997 pijgatbu 394 3,20,335,36
791169201178 pnkpme 733 192,158,299,84
850927017012 mlgchctql 492 180,67,32,202,11
954184251813 tkoesf 281 28,92,18,12,131
21963282544 wherbomlh 473 154,59,224,14,22
252766548757 salfvzed 365 55,104,114,92
187390763606 qzbrfgayxh 203 73,35,8,65,22
97906231261 lxvqxvjw 434 52,196,63,39,84
72321499431 eatwaulohz 41 23,18
365332139052 wiwdbvu 770 12,205,387,130,36
451711401805 qlwddrt 600 3,221,25,17,237,97
5691482213 vgvichdap 464 161,303
608949448154 oyqgnuuukh 133 13,120
598610649640 lacwzcbcks 158 42,5,111
697397335355 kmzmgkh 192 25,111,38,17,1
99894458558 zfkttp 479 6,203,214,24,32
803093399507 rzalreyehz 273 69,93,51,26,34
768545243153 sqwfhk 706 664,26,16
21956922898 gkqlczxsma 800 800
217821236534 krpchsr 508 298,109,101
810435138661 gfwqrbwc 345 345
317430647449 cwvsfkmt 987 896,86,5
277625828426 laouvql 991 1,153,18,819
708498153794 kcssakn 847 14,833
268740945231 ecwwpgrrb 538 420,118
765549088474 tvbzdhw 877 194,569,88,26
75279909606 orlmnf 623 623
108257215472 laglwa 995 995
492798122452 hpazjnts 239 239
7171185968 gjetgm 846 124,456,61,205
503017072933 dactpd 570 87,157,326
975528609145 gtdztn 355 221,131,3
821433075395 xtmddjkfgy 788 13,226,549
175524017462 nswyhie 454 140,294,20
865166436320 lnaoujbvn 294 177,117
766853008954 yqxafbw 166 71,88,7
3723641105 saicgo 899 846,45,8
314213779170 gsblauxxgo 556 18,504,33,1
87106023723 jtsmvyl 432 27,201,26,176,2
799714177841 qnxhlwtna 723 245,61,57,67,103,7,28,155
6347071956 fiafmvvsd 863 315,235,313
975457797909 nnwzbpab 310 58,27,14,38,173
836625935793 lzlvtug 494 259,43,46,38,47,36,25
740296835852 mopphrunyr 237 15,23,199
432155376981 wnghuituf 200 6,32,135,27
468044218794 xnmlelsnfk 570 544,25,1
773855451532 lvkjtatw 877 58,760,33,26
7079825436 flbujl 644 233,273,29,109
132462413278 nutosaxhr 180 60,120
59198812514 qlncjn 144 113,19,12
701014848181 nprkpb 252 252
808422548861 weeoyoae 380 380
134420971833 fusryqd 799 19,3,529,215,33
746761151259 bfjtkbx 967 302,665
617975377672 kpmlrt 348 13,335
57062979543 ripuyvcuw 354 354
749947429098 kinbiwkmmj 35 16,19
858041958280 gupfpd 467 418,49
521323865010 rzjpqifkax 250 250
966423027159 idveir 711 231,480
818979424376 beqyua 679 4,60,22,33,560
776816136500 nasyawtaye 561 16,545
621981678951 dswepxy 867 561,306
282661575947 dcvsgk 523 5,72,27,419
189382571635 ofueimj 288 17,20,5,173,23,50
958172469681 pnokextli 220 29,50,141
64263693762 uhiwwwh 295 30,228,37
768998302459 mfiyrapl 709 106,17,7,25,554
106249104274 zbjqqtrpo 282 188,41,53
281555235830 qlheozrqcg 497 188,264,1,44
6792990328 pqtoax 337 312,1,24
419883311562 lmbtmemnde 634 613,19,2
454770602839 fqafauze 532 15,158,359
573084717472 nhcojue 661 273,126,152,110
469072242138 ypympa 875 875
391255941457 qlhnvxkb 798 520,97,181
788724834449 kqadsav 993 16,61,36,734,146
36785839836 uxhqafiv 250 25,3,199,23
264597318316 focdpuan 632 1,30,18,539,44
473486703490 xdssrywn 191 8,86,97
598845714042 fqopwi 140 1,139
108515011362 jdlogbbhgl 951 1,17,177,666,90
229167839497 pwrtpgprax 285 5,216,64
111519961752 glpeeiqhxl 84 35,48,1
19473941051 usfaoek 679 124,106,409,10,30
945561156571 qceohm 807 703,104
738410574569 evzktyouq 474 474
355991423032 vpajryox 712 29,6,590,19,45,23
945824925609 zvfvhmggc 505 505
197085108212 eyljlx 763 10,735,18
60933637173 bzlafqcz 704 142,249,37,276
608133805959 kiogxwchp 702 7,250,167,18,21,87,152
654737189251 scympzrfvv 749 33,161,555
39807916083 finqns 573 361,122,90
767597314799 gslcdra 757 258,239,260
892255184478 qebedaxfgx 48 23,6,19
5698847986 pnnuvngp 889 75,328,27,9,37,87,256,70
320947558541 fcjmloo 388 388
3138576796 dmszmv 125 50,21,3,29,22
210331834314 bbrpzvp 409 201,105,103
44028922204 jrqkcseg 51 24,4,23
293633327548 xupbelmucf 438 5,285,22,93,33
751712207487 mwrbct 878 34,779,65
736994148702 gpvraqb 992 22,959,11
317058459349 ccjjlnnl 780 61,9,710
240781349130 gwoioskhi 877 877
561722816624 uthssa 888 778,110
848183004531 iajqjvc 967 248,329,267,123
320299619443 nxsfjqh 998 121,784,14,79
949578396548 wpkobsfh 48 23,22,3
92252774671 slggwu 753 79,551,25,31,67
33769377450 hqjbqisgde 856 254,18,4,17,563
1992530837 faugydem 282 282
58361611681 dwzhcb 910 910
276633136086 sionrvsxg 459 326,133
574373743958 ivuxpe 499 2,27,402,50,18
772353163206 zrrpigh 680 18,67,64,5,365,161
672930834094 ijbcfi 192 38,54,49,51
672475817684 olxkepgth 967 596,26,345
208192024588 nyhpufguby 345 15,198,104,28
669656086127 gnphdocmc 412 90,1,193,82,46
654097486418 udctekwhtx 337 6,331
523225095737 ekagszyj 70 32,38
939340532735 ypvnyx 732 727,5
81332609977 vcguftsp 545 110,421,14
561613101738 pojeigdvg 490 490
