67544133269 egwsmwjg 167 41
644514752635 rbkapy 671 14
39773655220 sporlpwls 375 77
637139751962 uxufodq 953 6
166034012355 nxkmywh 288 53
934447453342 bqlvymb 191 51
90098779471 gphvilqy 867 2
686810163009 mzfqadqnlt 53 12
893471146397 ladueskobf 935 61
588996916183 iwvgdnuiaf 93 31
733365298905 kkcelaichh 613 89
906936058978 czemkja 748 49
933938455220 dgfpcr 41 71
968451833397 hxbbwznmm 91 99
980769382417 narglqoum 728 100
88673463679 xelmvxta 106 15
85298596832 fogbtxxxeq 336 96
543370522502 srxfbaid 240 13
82667247461 ygtntm 216 88
956644252392 lorlihpjv 502 13
68282796076 wxfutqo 748 2
460613302865 exqugbqalt 248 55
666861798511 dzktcmik 310 22
298292153677 odxqxaqjt 667 27
737723722710 lilsorez 233 24
113343454311 iielpsows 475 39
916440053259 xqxyfivp 532 74
172379524021 jnizzy 515 84
164243176192 tbqyim 804 55
435590263496 zxaqtjwz 94 21
530688649918 ttptswtv 995 90
557259191437 zpldrcnwe 169 80
985873046421 vccmbzi 205 95
669175212308 ybxsome 166 66
332539487337 tpfnnidsq 683 64
609761832482 olrikr 460 89
34453542818 nnyvko 755 83
351836338651 hguhcm 998 40
590989376750 wvxwukfi 104 20
80947365078 jonnrxpdms 321 34
478344636407 iqkpamh 842 15
193837646509 udbbgnxya 640 98
602431954968 iddynjk 864 52
27997635954 qgcvpy 956 27
584973886651 iwqnzda 387 98
33597548731 czuodzbuv 58 80
560525409646 dslrybwwy 288 12
650364258658 rdfetdegwn 641 58
377177151752 jnhbwtemed 557 91
648933661619 fcnoeuni 616 71
275468134320 rcndfpfl 383 79
794071113632 jzqnwqaccp 785 59
229951153019 oqdpydf 811 27
1773674166 kmcmel 305 48
628911336058 xxzgzaj 670 54
355778895950 nbhakjhy 719 95
693599302915 vrftyqvpdt 992 53
368341453162 fknuyxj 524 53
21629202429 riajyavm 239 58
85772608174 qzqdzkec 178 38
666791009098 bahumt 317 46
531247828007 pvykrjhu 804 12
3653636860 hoaaosu 531 0
601861133610 xiemalh 623 92
518110622529 jvkqlojnp 967 72
540577187082 cfremea 30 22
757870016206 sufjebh 260 82
833050257481 wnrsnqwsh 100 67
617391976057 vuwmyqacb 635 90
36762839031 pnftxej 304 41
12528064159 rcvqzqhr 342 31
32801614917 edrgyfp 949 11
750633414459 gjbkor 974 33
739987578764 wzqaoj 56 21
996399182139 nrshzgcs 96 62
693036662215 zorkeghpm 53 36
864880297838 aydbudi 746 35
846933096500 uzqjaqgxj 749 91
46318639540 qfafyviqah 210 95
753142486335 bkykevtb 920 90
994828121 jxiqmuzulw 146 36
9568447587 uegfhofwdw 715 84
126681709239 xnvbsi 706 67
742648833853 uyyfwwafe 144 56
89326818690 fpsdzrbmrk 794 63
11132989286 vzllmj 209 41
424970143412 cametxnx 729 75
667311299643 vybteobbqn 629 56
649691338510 wuuzsitle 43 73
619850354595 ltgqhfvy 275 97
752111738407 rkhnuct 788 35
25044089511 ivqsyktxhq 780 78
56359488331 vlpejogr 949 93
346871155452 gnvxultm 422 77
27633731892 jufrmx 399 37
714183245610 pdaqdrfo 598 58
259243269058 nyxcqwb 32 33
198177334508 pvuujob 582 38
15285331272 dtvzdap 45 30
900432213856 avhztbqjj 54 29
740772714024 qptcioqf 960 53
416074602508 kgybwoyaho 350 4
884257991406 mchmqdjq 215 26
106069928987 zqtxadrym 842 36
625619679686 miqqchqtev 565 54
647222208792 jvybylgj 570 64
736998553011 qezyjgvmi 674 47
450692028247 utlpeafbgs 187 9
145823996398 jruynpp 552 12
4238669222 qoxhera 742 27
86757765849 jtehoaxee 843 6
49855636512 afzjex 16 93
5491461735 mgwpxaei 990 89
32633324187 wufmkhfomp 73 98
648196467608 wchamratr 897 48
999986821540 tzyzcnfg 26 44
890699136410 ubpsrpe 779 97
546215924507 ufeaswm 702 70
857545514471 urhdwmxig 506 16
33337867225 rshrodw 41 68
94849361361 sybsrqp 977 21
314012541059 wmfentleyd 930 21
758856943279 dbkije 82 98
21695121832 xpydlhar 619 84
95682795985 qwhklykutw 831 86
23988087729 xzxcrs 876 28
279072397349 zgivtsti 505 22
75421768983 mpzgei 659 36
842678456169 vrfmpsqr 971 57
55693749972 bkcfcsdnf 62 80
90234842997 pijgatbu 394 23
791169201178 pnkpme 733 41
850927017012 mlgchctql 492 55
954184251813 tkoesf 281 58
21963282544 wherbomlh 473 60
252766548757 salfvzed 365 25
187390763606 qzbrfgayxh 203 25
97906231261 lxvqxvjw 434 11
72321499431 eatwaulohz 41 27
365332139052 wiwdbvu 770 82
451711401805 qlwddrt 600 46
5691482213 vgvichdap 464 23
608949448154 oyqgnuuukh 133 15
598610649640 lacwzcbcks 158 91
697397335355 kmzmgkh 192 68
99894458558 zfkttp 479 81
803093399507 rzalreyehz 273 82
768545243153 sqwfhk 706 14
21956922898 gkqlczxsma 800 76
217821236534 krpchsr 508 20
810435138661 gfwqrbwc 345 16
317430647449 cwvsfkmt 987 48
277625828426 laouvql 991 78
708498153794 kcssakn 847 85
268740945231 ecwwpgrrb 538 21
765549088474 tvbzdhw 877 69
75279909606 orlmnf 623 25
108257215472 laglwa 995 76
492798122452 hpazjnts 239 83
7171185968 gjetgm 846 85
503017072933 dactpd 570 20
975528609145 gtdztn 355 43
821433075395 xtmddjkfgy 788 90
175524017462 nswyhie 454 3
865166436320 lnaoujbvn 294 64
766853008954 yqxafbw 166 95
3723641105 saicgo 899 85
314213779170 gsblauxxgo 556 14
87106023723 jtsmvyl 432 13
799714177841 qnxhlwtna 723 18
6347071956 fiafmvvsd 863 66
975457797909 nnwzbpab 310 28
836625935793 lzlvtug 494 20
740296835852 mopphrunyr 237 32
432155376981 wnghuituf 200 92
468044218794 xnmlelsnfk 570 5
773855451532 lvkjtatw 877 88
7079825436 flbujl 644 71
132462413278 nutosaxhr 180 25
59198812514 qlncjn 144 49
701014848181 nprkpb 252 5
808422548861 weeoyoae 380 55
134420971833 fusryqd 799 58
746761151259 bfjtkbx 967 5
617975377672 kpmlrt 348 11
57062979543 ripuyvcuw 354 30
749947429098 kinbiwkmmj 35 90
858041958280 gupfpd 467 74
521323865010 rzjpqifkax 250 53
966423027159 idveir 711 25
818979424376 beqyua 679 29
776816136500 nasyawtaye 561 91
621981678951 dswepxy 867 92
282661575947 dcvsgk 523 94
189382571635 ofueimj 288 16
958172469681 pnokextli 220 48
64263693762 uhiwwwh 295 51
768998302459 mfiyrapl 709 65
106249104274 zbjqqtrpo 282 76
281555235830 qlheozrqcg 497 86
6792990328 pqtoax 337 68
419883311562 lmbtmemnde 634 52
454770602839 fqafauze 532 47
573084717472 nhcojue 661 34
469072242138 ypympa 875 9
391255941457 qlhnvxkb 798 48
788724834449 kqadsav 993 70
36785839836 uxhqafiv 250 30
264597318316 focdpuan 632 57
473486703490 xdssrywn 191 72
598845714042 fqopwi 140 84
108515011362 jdlogbbhgl 951 4
229167839497 pwrtpgprax 285 12
111519961752 glpeeiqhxl 84 89
19473941051 usfaoek 679 97
945561156571 qceohm 807 29
738410574569 evzktyouq 474 49
355991423032 vpajryox 712 42
945824925609 zvfvhmggc 505 18
197085108212 eyljlx 763 98
60933637173 bzlafqcz 704 22
608133805959 kiogxwchp 702 7
654737189251 scympzrfvv 749 0
39807916083 finqns 573 39
767597314799 gslcdra 757 32
892255184478 qebedaxfgx 48 9
5698847986 pnnuvngp 889 19
320947558541 fcjmloo 388 54
3138576796 dmszmv 125 50
210331834314 bbrpzvp 409 60
44028922204 jrqkcseg 51 47
293633327548 xupbelmucf 438 64
751712207487 mwrbct 878 39
736994148702 gpvraqb 992 24
317058459349 ccjjlnnl 780 65
240781349130 gwoioskhi 877 4
561722816624 uthssa 888 14
848183004531 iajqjvc 967 14
320299619443 nxsfjqh 998 53
949578396548 wpkobsfh 48 24
92252774671 slggwu 753 83
33769377450 hqjbqisgde 856 9
1992530837 faugydem 282 99
58361611681 dwzhcb 910 26
276633136086 sionrvsxg 459 23
574373743958 ivuxpe 499 72
772353163206 zrrpigh 680 22
672930834094 ijbcfi 192 17
672475817684 olxkepgth 967 13
208192024588 nyhpufguby 345 26
669656086127 gnphdocmc 412 73
654097486418 udctekwhtx 337 79
523225095737 ekagszyj 70 4
939340532735 ypvnyx 732 23
81332609977 vcguftsp 545 49
561613101738 pojeigdvg 490 84
